Inference for Stan model: process_sdm_based_on_20221003.
3 chains, each with iter=4000; warmup=2000; thin=10; 
post-warmup draws per chain=200, total post-warmup draws=600.

mean      se_mean           sd          2.5%           25%
  sigma_r                      7.000000e-01 0.000000e+00 1.200000e-01  4.900000e-01  6.100000e-01
sigma_obs                    1.580000e+00 0.000000e+00 4.000000e-02  1.500000e+00  1.550000e+00
width                        5.100000e+00 1.000000e-01 2.110000e+00  2.640000e+00  3.520000e+00
Topt                         5.840000e+00 9.000000e-02 2.270000e+00  8.800000e-01  4.810000e+00
log_mean_recruits[1]         7.700000e+00 2.000000e-02 5.100000e-01  6.710000e+00  7.350000e+00
log_mean_recruits[2]         4.050000e+00 1.600000e-01 3.730000e+00 -3.790000e+00  1.910000e+00
log_mean_recruits[3]         9.280000e+00 2.000000e-02 4.700000e-01  8.470000e+00  8.950000e+00
log_mean_recruits[4]         9.170000e+00 7.000000e-02 1.200000e+00  7.150000e+00  8.250000e+00
log_mean_recruits[5]         1.163000e+01 2.000000e-02 5.200000e-01  1.070000e+01  1.126000e+01
log_mean_recruits[6]         8.770000e+00 6.000000e-02 1.120000e+00  6.780000e+00  8.010000e+00
log_mean_recruits[7]         1.214000e+01 2.000000e-02 4.600000e-01  1.123000e+01  1.186000e+01
log_mean_recruits[8]         1.066000e+01 3.000000e-02 6.000000e-01  9.620000e+00  1.024000e+01
log_mean_recruits[9]         3.230000e+00 1.200000e-01 3.080000e+00 -3.660000e+00  1.450000e+00
log_mean_recruits[10]        1.326000e+01 2.000000e-02 4.900000e-01  1.239000e+01  1.290000e+01
log_mean_recruits[11]        1.094000e+01 2.000000e-02 4.500000e-01  1.015000e+01  1.063000e+01
log_mean_recruits[12]        7.300000e+00 4.000000e-02 8.500000e-01  5.600000e+00  6.700000e+00
log_mean_recruits[13]        1.157000e+01 2.000000e-02 4.000000e-01  1.084000e+01  1.133000e+01
log_mean_recruits[14]        9.940000e+00 2.000000e-02 4.800000e-01  9.090000e+00  9.600000e+00
log_mean_recruits[15]        9.970000e+00 2.000000e-02 4.600000e-01  9.190000e+00  9.670000e+00
log_mean_recruits[16]        8.200000e+00 3.000000e-02 5.100000e-01  7.280000e+00  7.850000e+00
log_mean_recruits[17]        1.021000e+01 2.000000e-02 4.400000e-01  9.470000e+00  9.890000e+00
log_mean_recruits[18]        1.159000e+01 2.000000e-02 4.200000e-01  1.082000e+01  1.131000e+01
log_mean_recruits[19]        9.390000e+00 2.000000e-02 4.300000e-01  8.700000e+00  9.070000e+00
log_mean_recruits[20]        9.130000e+00 2.000000e-02 3.600000e-01  8.510000e+00  8.890000e+00
log_mean_recruits[21]        1.242000e+01 2.000000e-02 4.700000e-01  1.155000e+01  1.211000e+01
log_mean_recruits[22]        9.450000e+00 3.000000e-02 5.400000e-01  8.490000e+00  9.080000e+00
log_mean_recruits[23]        9.240000e+00 2.000000e-02 3.700000e-01  8.630000e+00  8.980000e+00
log_mean_recruits[24]        9.430000e+00 2.000000e-02 3.500000e-01  8.830000e+00  9.180000e+00
log_mean_recruits[25]        9.040000e+00 3.000000e-02 5.000000e-01  8.210000e+00  8.690000e+00
log_mean_recruits[26]        9.230000e+00 1.000000e-02 3.100000e-01  8.630000e+00  9.010000e+00
log_mean_recruits[27]        9.180000e+00 2.000000e-02 3.400000e-01  8.580000e+00  8.920000e+00
log_mean_recruits[28]        5.890000e+00 3.000000e-02 8.300000e-01  4.050000e+00  5.320000e+00
log_mean_recruits[29]        7.470000e+00 2.000000e-02 4.400000e-01  6.620000e+00  7.160000e+00
log_mean_recruits[30]        9.580000e+00 1.000000e-02 3.400000e-01  8.950000e+00  9.360000e+00
log_mean_recruits[31]        8.980000e+00 1.000000e-02 3.400000e-01  8.410000e+00  8.750000e+00
log_mean_recruits[32]        6.470000e+00 3.000000e-02 6.800000e-01  5.090000e+00  6.050000e+00
log_mean_recruits[33]        9.120000e+00 2.000000e-02 3.300000e-01  8.580000e+00  8.890000e+00
log_mean_recruits[34]        9.580000e+00 1.000000e-02 3.300000e-01  9.010000e+00  9.350000e+00
log_mean_recruits[35]        9.680000e+00 2.000000e-02 3.400000e-01  9.090000e+00  9.450000e+00
log_mean_recruits[36]        8.390000e+00 2.000000e-02 3.400000e-01  7.760000e+00  8.160000e+00
log_mean_recruits[37]        9.160000e+00 2.000000e-02 3.300000e-01  8.600000e+00  8.920000e+00
raw[1]                      -2.000000e-02 2.000000e-02 4.400000e-01 -1.010000e+00 -2.800000e-01
raw[2]                      -1.800000e-01 2.000000e-02 5.600000e-01 -1.350000e+00 -5.500000e-01
raw[3]                      -6.500000e-01 2.000000e-02 4.500000e-01 -1.550000e+00 -9.600000e-01
raw[4]                      -7.400000e-01 2.000000e-02 5.100000e-01 -1.830000e+00 -1.040000e+00
raw[5]                      -2.000000e-02 2.000000e-02 4.200000e-01 -9.200000e-01 -2.700000e-01
raw[6]                      -1.700000e-01 2.000000e-02 4.700000e-01 -1.170000e+00 -4.500000e-01
raw[7]                       1.300000e-01 2.000000e-02 4.900000e-01 -9.300000e-01 -1.800000e-01
raw[8]                       3.600000e-01 2.000000e-02 5.000000e-01 -8.200000e-01  8.000000e-02
raw[9]                      -1.500000e-01 3.000000e-02 6.200000e-01 -1.330000e+00 -5.400000e-01
raw[10]                      8.100000e-01 2.000000e-02 4.700000e-01 -4.000000e-01  6.000000e-01
raw[11]                      3.000000e-02 2.000000e-02 5.700000e-01 -1.130000e+00 -3.400000e-01
raw[12]                      3.900000e-01 2.000000e-02 4.700000e-01 -6.500000e-01  9.000000e-02
raw[13]                      5.800000e-01 2.000000e-02 4.800000e-01 -4.900000e-01  2.700000e-01
raw[14]                      1.000000e-02 2.000000e-02 5.300000e-01 -1.130000e+00 -2.700000e-01
raw[15]                      2.900000e-01 2.000000e-02 5.000000e-01 -8.200000e-01  0.000000e+00
raw[16]                     -4.000000e-01 2.000000e-02 5.500000e-01 -1.650000e+00 -6.900000e-01
raw[17]                     -4.100000e-01 2.000000e-02 5.200000e-01 -1.470000e+00 -7.400000e-01
raw[18]                     -5.500000e-01 2.000000e-02 5.300000e-01 -1.540000e+00 -8.900000e-01
raw[19]                      4.600000e-01 2.000000e-02 5.200000e-01 -6.500000e-01  1.300000e-01
raw[20]                      1.160000e+00 2.000000e-02 5.100000e-01  5.000000e-02  9.000000e-01
raw[21]                      8.000000e-01 3.000000e-02 5.900000e-01 -5.200000e-01  4.700000e-01
raw[22]                      4.800000e-01 3.000000e-02 6.200000e-01 -8.300000e-01  1.000000e-01
raw[23]                     -2.100000e-01 2.000000e-02 5.600000e-01 -1.450000e+00 -5.200000e-01
raw[24]                     -6.200000e-01 2.000000e-02 5.700000e-01 -1.940000e+00 -9.800000e-01
raw[25]                      2.000000e-01 2.000000e-02 5.200000e-01 -9.500000e-01 -1.300000e-01
p_length_50_sel              2.100000e-01 1.000000e-02 1.600000e-01 -1.300000e-01  1.100000e-01
beta_obs                     0.000000e+00 0.000000e+00 0.000000e+00  0.000000e+00  0.000000e+00
theta_d                      5.000000e-01 0.000000e+00 1.000000e-01  2.900000e-01  4.400000e-01
h                            4.900000e-01 1.000000e-02 2.800000e-01  3.000000e-02  2.500000e-01
log_r0                      -2.712640e+11 1.533128e+11 4.099204e+11 -1.578840e+12 -3.131734e+11
T_adjust[1,1]                8.200000e-01 1.000000e-02 1.900000e-01  3.600000e-01  7.100000e-01
T_adjust[1,2]                8.200000e-01 1.000000e-02 1.900000e-01  3.600000e-01  7.100000e-01
T_adjust[1,3]                8.200000e-01 1.000000e-02 1.900000e-01  3.700000e-01  7.200000e-01
T_adjust[1,4]                8.300000e-01 1.000000e-02 1.800000e-01  3.900000e-01  7.400000e-01
T_adjust[1,5]                8.300000e-01 1.000000e-02 1.800000e-01  3.900000e-01  7.400000e-01
T_adjust[1,6]                8.300000e-01 1.000000e-02 1.800000e-01  3.900000e-01  7.400000e-01
T_adjust[1,7]                8.300000e-01 1.000000e-02 1.800000e-01  3.900000e-01  7.400000e-01
T_adjust[1,8]                8.300000e-01 1.000000e-02 1.800000e-01  4.000000e-01  7.500000e-01
T_adjust[1,9]                8.400000e-01 1.000000e-02 1.700000e-01  4.100000e-01  7.600000e-01
T_adjust[1,10]               8.400000e-01 1.000000e-02 1.700000e-01  4.200000e-01  7.600000e-01
T_adjust[1,11]               8.500000e-01 1.000000e-02 1.600000e-01  4.400000e-01  7.700000e-01
T_adjust[1,12]               8.400000e-01 1.000000e-02 1.700000e-01  4.000000e-01  7.500000e-01
T_adjust[1,13]               8.600000e-01 1.000000e-02 1.500000e-01  4.800000e-01  7.900000e-01
T_adjust[1,14]               8.400000e-01 1.000000e-02 1.700000e-01  4.100000e-01  7.600000e-01
T_adjust[1,15]               8.300000e-01 1.000000e-02 1.800000e-01  3.800000e-01  7.300000e-01
T_adjust[1,16]               8.300000e-01 1.000000e-02 1.800000e-01  3.800000e-01  7.300000e-01
T_adjust[1,17]               8.400000e-01 1.000000e-02 1.700000e-01  4.100000e-01  7.600000e-01
T_adjust[1,18]               8.200000e-01 1.000000e-02 1.900000e-01  3.700000e-01  7.200000e-01
T_adjust[1,19]               8.200000e-01 1.000000e-02 1.800000e-01  3.700000e-01  7.200000e-01
T_adjust[1,20]               8.300000e-01 1.000000e-02 1.800000e-01  3.900000e-01  7.400000e-01
T_adjust[1,21]               8.400000e-01 1.000000e-02 1.700000e-01  4.100000e-01  7.600000e-01
T_adjust[1,22]               8.400000e-01 1.000000e-02 1.700000e-01  4.200000e-01  7.600000e-01
T_adjust[1,23]               8.200000e-01 1.000000e-02 1.900000e-01  3.700000e-01  7.200000e-01
T_adjust[1,24]               8.300000e-01 1.000000e-02 1.800000e-01  3.900000e-01  7.400000e-01
T_adjust[1,25]               8.300000e-01 1.000000e-02 1.800000e-01  3.800000e-01  7.300000e-01
T_adjust[2,1]                9.000000e-02 1.000000e-02 1.500000e-01  0.000000e+00  0.000000e+00
T_adjust[2,2]                1.400000e-01 1.000000e-02 1.800000e-01  0.000000e+00  1.000000e-02
T_adjust[2,3]                1.300000e-01 1.000000e-02 1.700000e-01  0.000000e+00  1.000000e-02
T_adjust[2,4]                1.100000e-01 1.000000e-02 1.600000e-01  0.000000e+00  1.000000e-02
50%           75%         97.5% n_eff Rhat
sigma_r                      7.000000e-01  7.900000e-01  9.600000e-01   621 1.00
sigma_obs                    1.580000e+00  1.610000e+00  1.670000e+00   484 1.00
width                        4.540000e+00  6.120000e+00  1.066000e+01   428 1.00
Topt                         6.160000e+00  7.200000e+00  9.460000e+00   602 1.00
log_mean_recruits[1]         7.690000e+00  8.020000e+00  8.770000e+00   547 1.00
log_mean_recruits[2]         4.570000e+00  6.750000e+00  1.024000e+01   569 1.00
log_mean_recruits[3]         9.240000e+00  9.530000e+00  1.037000e+01   372 1.00
log_mean_recruits[4]         9.070000e+00  9.950000e+00  1.163000e+01   318 1.00
log_mean_recruits[5]         1.159000e+01  1.194000e+01  1.271000e+01   480 1.00
log_mean_recruits[6]         8.750000e+00  9.530000e+00  1.128000e+01   321 1.00
log_mean_recruits[7]         1.213000e+01  1.243000e+01  1.307000e+01   432 1.01
log_mean_recruits[8]         1.059000e+01  1.103000e+01  1.197000e+01   345 1.00
log_mean_recruits[9]         3.580000e+00  5.550000e+00  8.270000e+00   622 1.00
log_mean_recruits[10]        1.324000e+01  1.357000e+01  1.423000e+01   433 1.00
log_mean_recruits[11]        1.092000e+01  1.121000e+01  1.199000e+01   479 1.00
log_mean_recruits[12]        7.350000e+00  7.820000e+00  9.010000e+00   488 1.00
log_mean_recruits[13]        1.155000e+01  1.181000e+01  1.238000e+01   546 1.00
log_mean_recruits[14]        9.910000e+00  1.021000e+01  1.106000e+01   378 1.00
log_mean_recruits[15]        9.900000e+00  1.021000e+01  1.103000e+01   442 1.00
log_mean_recruits[16]        8.180000e+00  8.540000e+00  9.260000e+00   421 1.00
log_mean_recruits[17]        1.016000e+01  1.046000e+01  1.120000e+01   389 1.00
log_mean_recruits[18]        1.157000e+01  1.184000e+01  1.245000e+01   605 1.00
log_mean_recruits[19]        9.340000e+00  9.640000e+00  1.037000e+01   428 1.00
log_mean_recruits[20]        9.090000e+00  9.340000e+00  9.910000e+00   421 1.00
log_mean_recruits[21]        1.239000e+01  1.271000e+01  1.343000e+01   424 1.01
log_mean_recruits[22]        9.400000e+00  9.790000e+00  1.066000e+01   384 1.00
log_mean_recruits[23]        9.210000e+00  9.460000e+00  1.008000e+01   426 1.00
log_mean_recruits[24]        9.400000e+00  9.610000e+00  1.022000e+01   498 1.00
log_mean_recruits[25]        8.980000e+00  9.340000e+00  1.018000e+01   359 1.01
log_mean_recruits[26]        9.210000e+00  9.410000e+00  9.920000e+00   510 1.00
log_mean_recruits[27]        9.150000e+00  9.370000e+00  9.890000e+00   513 1.00
log_mean_recruits[28]        5.930000e+00  6.460000e+00  7.290000e+00   571 1.00
log_mean_recruits[29]        7.470000e+00  7.750000e+00  8.370000e+00   445 1.00
log_mean_recruits[30]        9.560000e+00  9.800000e+00  1.029000e+01   550 1.00
log_mean_recruits[31]        8.950000e+00  9.200000e+00  9.710000e+00   515 1.00
log_mean_recruits[32]        6.550000e+00  6.900000e+00  7.700000e+00   493 1.00
log_mean_recruits[33]        9.100000e+00  9.320000e+00  9.850000e+00   465 1.00
log_mean_recruits[34]        9.560000e+00  9.760000e+00  1.031000e+01   506 1.00
log_mean_recruits[35]        9.650000e+00  9.880000e+00  1.044000e+01   455 1.00
log_mean_recruits[36]        8.360000e+00  8.610000e+00  9.090000e+00   445 1.00
log_mean_recruits[37]        9.120000e+00  9.360000e+00  9.850000e+00   446 1.00
raw[1]                       2.000000e-02  2.700000e-01  7.200000e-01   689 1.00
raw[2]                      -1.300000e-01  2.100000e-01  8.200000e-01   546 1.00
raw[3]                      -6.400000e-01 -3.400000e-01  2.100000e-01   510 1.01
raw[4]                      -7.000000e-01 -4.400000e-01  2.000000e-01   567 1.00
raw[5]                       0.000000e+00  2.500000e-01  7.700000e-01   449 1.00
raw[6]                      -1.800000e-01  1.500000e-01  6.900000e-01   649 1.00
raw[7]                       1.600000e-01  4.300000e-01  1.060000e+00   471 1.01
raw[8]                       4.200000e-01  7.100000e-01  1.170000e+00   465 1.01
raw[9]                      -1.700000e-01  2.000000e-01  1.210000e+00   508 1.00
raw[10]                      8.600000e-01  1.120000e+00  1.540000e+00   505 1.00
raw[11]                      4.000000e-02  4.200000e-01  1.080000e+00   666 1.00
raw[12]                      4.200000e-01  7.200000e-01  1.170000e+00   665 1.00
raw[13]                      6.000000e-01  9.200000e-01  1.490000e+00   608 1.00
raw[14]                      6.000000e-02  3.700000e-01  9.500000e-01   466 1.00
raw[15]                      3.600000e-01  6.100000e-01  1.150000e+00   424 1.00
raw[16]                     -3.300000e-01 -4.000000e-02  4.700000e-01   527 1.00
raw[17]                     -3.600000e-01 -4.000000e-02  4.500000e-01   618 1.00
raw[18]                     -5.500000e-01 -2.000000e-01  4.400000e-01   592 1.00
raw[19]                      4.700000e-01  8.000000e-01  1.430000e+00   554 1.01
raw[20]                      1.210000e+00  1.500000e+00  2.010000e+00   516 1.01
raw[21]                      8.800000e-01  1.200000e+00  1.720000e+00   532 1.00
raw[22]                      5.600000e-01  9.200000e-01  1.460000e+00   534 1.01
raw[23]                     -2.000000e-01  1.700000e-01  7.600000e-01   579 1.00
raw[24]                     -5.700000e-01 -2.400000e-01  4.300000e-01   561 1.00
raw[25]                      2.400000e-01  5.700000e-01  1.150000e+00   567 1.00
p_length_50_sel              2.200000e-01  3.200000e-01  4.700000e-01   585 1.00
beta_obs                     0.000000e+00  0.000000e+00  0.000000e+00   651 1.00
theta_d                      5.000000e-01  5.700000e-01  6.800000e-01   601 1.01
h                            4.900000e-01  7.300000e-01  9.700000e-01   608 1.00
log_r0                      -1.477628e+11 -2.021599e+10 -1.625071e+09     7 1.48
T_adjust[1,1]                8.800000e-01  9.700000e-01  1.000000e+00   558 1.00
T_adjust[1,2]                8.800000e-01  9.700000e-01  1.000000e+00   558 1.00
T_adjust[1,3]                8.900000e-01  9.700000e-01  1.000000e+00   558 1.00
T_adjust[1,4]                9.000000e-01  9.700000e-01  1.000000e+00   559 1.00
T_adjust[1,5]                9.000000e-01  9.700000e-01  1.000000e+00   559 1.00
T_adjust[1,6]                8.900000e-01  9.700000e-01  1.000000e+00   559 1.00
T_adjust[1,7]                9.000000e-01  9.700000e-01  1.000000e+00   559 1.00
T_adjust[1,8]                9.000000e-01  9.700000e-01  1.000000e+00   559 1.00
T_adjust[1,9]                9.000000e-01  9.700000e-01  1.000000e+00   559 1.00
T_adjust[1,10]               9.100000e-01  9.700000e-01  1.000000e+00   560 1.00
T_adjust[1,11]               9.100000e-01  9.800000e-01  1.000000e+00   560 1.00
T_adjust[1,12]               9.000000e-01  9.700000e-01  1.000000e+00   559 1.00
T_adjust[1,13]               9.200000e-01  9.800000e-01  1.000000e+00   560 1.00
T_adjust[1,14]               9.000000e-01  9.700000e-01  1.000000e+00   559 1.00
T_adjust[1,15]               8.900000e-01  9.700000e-01  1.000000e+00   559 1.00
T_adjust[1,16]               8.900000e-01  9.700000e-01  1.000000e+00   559 1.00
T_adjust[1,17]               9.000000e-01  9.700000e-01  1.000000e+00   559 1.00
T_adjust[1,18]               8.900000e-01  9.700000e-01  1.000000e+00   558 1.00
T_adjust[1,19]               8.900000e-01  9.700000e-01  1.000000e+00   558 1.00
T_adjust[1,20]               9.000000e-01  9.700000e-01  1.000000e+00   559 1.00
T_adjust[1,21]               9.000000e-01  9.700000e-01  1.000000e+00   559 1.00
T_adjust[1,22]               9.100000e-01  9.700000e-01  1.000000e+00   559 1.00
T_adjust[1,23]               8.900000e-01  9.700000e-01  1.000000e+00   558 1.00
T_adjust[1,24]               9.000000e-01  9.700000e-01  1.000000e+00   559 1.00
T_adjust[1,25]               8.900000e-01  9.700000e-01  1.000000e+00   559 1.00
T_adjust[2,1]                2.000000e-02  1.100000e-01  5.000000e-01   468 1.00
T_adjust[2,2]                6.000000e-02  2.000000e-01  6.600000e-01   446 1.00
T_adjust[2,3]                5.000000e-02  1.800000e-01  6.300000e-01   451 1.00
T_adjust[2,4]                4.000000e-02  1.500000e-01  5.900000e-01   456 1.00
[ reached getOption("max.print") -- omitted 314918 rows ]

Samples were drawn using NUTS(diag_e) at Thu Oct 13 03:42:43 2022.
For each parameter, n_eff is a crude measure of effective sample size,
and Rhat is the potential scale reduction factor on split chains (at 
                                                                  convergence, Rhat=1).